0.332918 0.757829
0.008197 0.143516
0.587117 0.023398
0.905990 0.264545
0.217980 0.466105
0.071828 0.335328
0.098599 0.514847
0.742401 0.228821
0.093460 0.256381
0.326972 0.423229
0.866857 0.550627
0.843248 0.280420
0.025381 0.460834
0.532312 0.526804
0.862834 0.127597
0.269105 0.870807
0.117501 0.583779
0.542160 0.699844
0.574572 0.906890
0.714802 0.839712
0.050622 0.536077
0.999696 0.430648
0.282383 0.542833
0.079659 0.076830
0.508666 0.137672
0.589848 0.559847
0.082128 0.719447
0.739916 0.571769
0.276690 0.329650
0.199459 0.119686
0.566758 0.460931
0.996049 0.481137
0.045996 0.787258
0.582391 0.848659
0.326276 0.532547
0.417585 0.091695
0.211485 0.875247
0.377238 0.385406
0.676279 0.998293
0.058118 0.808475
0.196422 0.136986
0.575290 0.395768
0.275232 0.251795
0.763139 0.546759
0.089755 0.758723
0.786409 0.136926
0.540621 0.086798
0.043373 0.156842
0.631157 0.700416
0.900476 0.212509
0.024171 0.623680
0.236252 0.760472
0.828938 0.434531
0.992066 0.522596
0.156247 0.158396
0.928196 0.127882
0.745990 0.484228
0.565996 0.662505
0.019622 0.250244
0.860356 0.474314
0.238911 0.202314
0.491419 0.274277
0.062761 0.614872
0.790463 0.304947
0.685484 0.482401
0.222108 0.104769
0.912767 0.638927
0.033464 0.187125
0.985641 0.343653
0.150590 0.774257
0.698164 0.582755
0.653570 0.578809
0.371088 0.580536
0.193786 0.509451
0.541652 0.787553
0.530400 0.092141
0.808744 0.918977
0.957817 0.344838
0.133013 0.453387
0.771861 0.821034
0.033141 0.370340
0.079623 0.546251
0.542301 0.804478
0.196426 0.611698
0.492954 0.724619
0.593064 0.260572
0.683491 0.708154
0.857467 0.405003
0.746802 0.374265
0.417147 0.645482
0.088735 0.063896
0.832291 0.029584
0.093495 0.910039
0.314042 0.983153
0.903379 0.528860
0.748550 0.074600
0.471866 0.180309
0.914542 0.531795
0.261903 0.396298
0.770670 0.721049
