0.949067 0.024773
0.107808 0.011625
0.039021 0.983177
0.563544 0.120342
0.842432 0.779619
0.624297 0.433779
0.829620 0.747523
0.664557 0.344752
0.227388 0.562898
0.483055 0.759399
0.036171 0.638378
0.597061 0.095108
0.691032 0.365671
0.556038 0.843785
0.371663 0.951078
0.792000 0.476877
0.061271 0.035035
0.884309 0.805442
0.330209 0.764162
0.758213 0.776753
0.477450 0.493096
0.259301 0.088333
0.101449 0.833428
0.750150 0.930948
0.391703 0.338338
0.860776 0.634064
0.433261 0.714085
0.291122 0.980363
0.598685 0.083278
0.611651 0.480394
0.665431 0.489895
0.337231 0.954045
0.641344 0.532322
0.159829 0.352483
0.406941 0.738210
0.117151 0.872329
0.190384 0.053722
0.647209 0.063286
0.579519 0.609829
0.932898 0.811080
0.245079 0.749543
0.676016 0.789491
0.800133 0.152560
0.456764 0.218432
0.253093 0.777553
0.132617 0.539415
0.325053 0.257401
0.309552 0.925445
0.496967 0.328925
0.778974 0.379266
0.028167 0.856249
0.955288 0.542069
0.344915 0.015678
0.771897 0.234168
0.136187 0.250045
0.197549 0.179831
0.213606 0.671748
0.520243 0.330357
0.693409 0.696251
0.812578 0.692650
0.340572 0.821602
0.540225 0.594971
0.978684 0.634572
0.104327 0.877190
0.713900 0.320296
0.218989 0.579809
0.347253 0.179836
0.416599 0.324141
0.756876 0.918896
0.646605 0.725499
0.220107 0.760923
0.887434 0.861863
0.615226 0.759151
0.926638 0.032455
0.193521 0.034661
0.980903 0.783766
0.144608 0.051333
0.625455 0.455042
0.491425 0.453591
0.581461 0.300860
0.946022 0.439154
0.270411 0.585359
0.233267 0.116511
0.686019 0.910865
0.046793 0.805663
0.057095 0.443028
0.240020 0.780693
0.978886 0.625294
0.074767 0.524017
0.175765 0.437418
0.350993 0.164703
0.824746 0.245911
0.023398 0.407060
0.417145 0.818699
0.474105 0.920699
0.464817 0.131977
0.955372 0.859587
0.967742 0.184120
0.842266 0.905144
0.451354 0.149681
0.242420 0.987218
0.554823 0.855950
0.198542 0.626819
0.605649 0.745170
0.188985 0.665779
0.351228 0.197452
0.882739 0.001046
0.034691 0.332582
0.137391 0.825102
0.300157 0.183321
0.042074 0.789044
0.991625 0.438485
0.402185 0.451150
0.770108 0.790978
0.438588 0.351294
0.615196 0.294134
0.631283 0.060361
0.700097 0.029139
0.575955 0.593848
0.833298 0.816948
0.441602 0.650140
0.645340 0.670056
0.118345 0.236473
0.965817 0.172614
0.426822 0.379387
0.383537 0.001830
0.823994 0.781537
0.811904 0.359221
0.884930 0.482968
0.991924 0.167227
0.466142 0.812552
0.256839 0.504846
0.863213 0.174047
0.555242 0.905371
0.463996 0.501266
0.683645 0.819969
0.368349 0.538176
0.914786 0.762750
0.196362 0.452225
0.724611 0.396158
0.839257 0.673050
0.118682 0.089914
0.220622 0.263701
0.137869 0.292397
0.230355 0.577840
0.483560 0.390297
0.869693 0.433901
0.844191 0.600491
0.302892 0.545992
0.427768 0.837551
0.949642 0.491347
0.409162 0.430933
0.971998 0.065432
0.486285 0.027805
0.510593 0.478360
0.505881 0.010659
0.807126 0.480039
0.167502 0.283252
0.913605 0.166523
0.143348 0.334074
0.033521 0.916337
0.562002 0.073481
0.666155 0.633059
0.695688 0.058777
0.632387 0.229276
0.863527 0.370942
0.748905 0.077004
0.017388 0.587380
0.387408 0.971030
0.212258 0.006967
0.406384 0.004099
0.179671 0.526831
0.975268 0.636711
0.520586 0.344745
0.624265 0.159306
0.613195 0.966637
0.447841 0.690906
0.191519 0.835659
0.765877 0.835840
0.692211 0.267417
0.703691 0.128937
0.889885 0.275386
0.090617 0.439641
0.045347 0.301163
0.796558 0.576768
0.776487 0.826182
0.126911 0.438181
0.128175 0.334631
0.178466 0.183441
0.865365 0.121738
0.122392 0.072518
0.842708 0.997276
0.225122 0.809970
0.414324 0.021026
0.043935 0.461495
0.238995 0.025111
0.641262 0.268582
0.508880 0.827538
0.850220 0.977006
0.583961 0.721924
0.593592 0.616220
0.249783 0.040327
0.009470 0.019214
0.332650 0.329242
0.668986 0.756216
0.204277 0.953249
0.485029 0.570649
0.787037 0.746458
0.005602 0.852032
0.031242 0.668820
0.661418 0.158074
0.477549 0.292517
0.194561 0.306982
0.440389 0.343087
0.933556 0.101041
0.552462 0.450575
0.799852 0.313841
0.895649 0.727932
0.931768 0.176023
0.710331 0.787045
0.594119 0.228241
0.722928 0.327196
0.605262 0.075056
0.460601 0.486407
0.857991 0.269772
0.532370 0.733046
0.636720 0.287770
0.747563 0.193230
0.340593 0.304676
0.115291 0.958985
0.910655 0.285734
0.222811 0.102772
0.728923 0.714065
0.225944 0.835909
0.008207 0.138007
0.701346 0.491594
0.723719 0.601541
0.908262 0.787621
0.951013 0.936821
0.586502 0.129578
0.069506 0.844154
0.277744 0.552205
0.666826 0.662274
0.298830 0.264761
0.136444 0.740573
0.918632 0.665672
0.899525 0.364971
0.994106 0.122388
0.901667 0.260408
0.306545 0.774278
0.536178 0.795488
0.105629 0.109597
0.427740 0.148559
0.916718 0.091918
0.573824 0.859597
0.495942 0.167134
0.185915 0.388523
0.928000 0.569018
0.198606 0.528125
0.253153 0.959509
0.821822 0.778553
0.682788 0.589305
0.699939 0.080386
0.417002 0.844996
0.211266 0.624572
0.313017 0.260894
0.192349 0.810061
0.169834 0.816892
0.903777 0.803760
0.192398 0.618064
0.367647 0.572463
0.277631 0.857426
0.301573 0.702711
0.125044 0.300154
0.750097 0.802064
0.816265 0.395741
0.171593 0.784067
0.430630 0.523982
0.177228 0.879215
0.468120 0.811341
0.338258 0.785542
0.336268 0.416173
0.478952 0.974948
0.924247 0.174418
0.654604 0.805233
0.335234 0.021835
0.577636 0.752774
0.177204 0.664464
0.599461 0.777133
0.422708 0.555959
0.481797 0.556382
0.739738 0.358568
0.098325 0.090740
0.368686 0.713969
0.896065 0.962147
0.074464 0.330820
0.415579 0.358690
0.438222 0.107818
0.420073 0.825349
0.769706 0.254200
0.215715 0.586292
0.219144 0.144043
0.558933 0.199014
0.246638 0.946396
0.141227 0.246893
0.467420 0.910176
0.017955 0.754274
0.032900 0.550920
0.504823 0.016975
0.130310 0.885928
0.004259 0.581172
0.887835 0.294953
0.943598 0.174879
0.957478 0.545548
0.507944 0.498793
0.314509 0.015319
0.132860 0.917076
0.360204 0.167758
0.785460 0.253645
0.243661 0.893989
0.907225 0.095886
0.428866 0.419678
0.517856 0.235191
0.924748 0.094523
0.386667 0.132550
0.268839 0.531144
0.366541 0.587439
0.309243 0.240867
0.955161 0.109558
0.064975 0.125822
0.899226 0.845489
0.461331 0.929892
0.189588 0.296152
0.534807 0.025535
0.108704 0.475962
0.781169 0.719097
0.086551 0.610895
0.680654 0.594193
0.997112 0.950190
0.075864 0.280878
0.184757 0.775221
0.000764 0.437747
0.948352 0.229100
0.763323 0.664767
0.430625 0.161871
0.569655 0.526565
0.861305 0.788680
0.744136 0.859045
0.884782 0.592118
0.647829 0.056638
0.266509 0.564942
0.726639 0.093143
0.617085 0.585697
0.730980 0.616027
0.898952 0.447286
0.040325 0.572234
0.387846 0.817327
0.198887 0.472945
0.449637 0.199170
0.222749 0.585414
0.962903 0.783753
0.974132 0.051898
0.468576 0.934992
0.915095 0.178894
0.160201 0.935203
0.850794 0.914273
0.641866 0.532097
0.851545 0.835597
0.975529 0.775162
0.403287 0.809796
0.915509 0.606804
0.977621 0.852566
0.385082 0.682386
0.635493 0.615247
0.188628 0.933370
0.982647 0.357602
0.672497 0.459035
0.780349 0.226862
0.548732 0.434785
0.781496 0.156520
0.378017 0.858865
0.910036 0.722809
0.271698 0.124323
0.730770 0.852447
0.217446 0.599357
0.266935 0.362147
0.059113 0.626730
0.614567 0.928554
0.568548 0.611701
0.475508 0.236687
0.235638 0.157985
0.685009 0.735635
0.372541 0.532543
0.045247 0.642145
0.879058 0.092510
0.292660 0.575944
0.548356 0.691401
0.824864 0.485005
0.105654 0.496755
0.892019 0.324681
0.267301 0.097644
0.317863 0.291491
0.983573 0.258063
0.457220 0.280554
0.685796 0.180959
0.019665 0.635058
0.796848 0.687714
0.593109 0.186803
0.983837 0.289203
0.186427 0.048809
0.632716 0.727052
0.876854 0.614104
0.806835 0.197541
0.695726 0.739240
0.514893 0.135616
0.215237 0.146760
0.458495 0.132784
0.909251 0.667723
0.555474 0.290167
0.252786 0.063582
0.442394 0.066834
0.697668 0.816131
0.848096 0.473518
0.115915 0.454858
0.199899 0.283138
0.037815 0.703015
0.075033 0.782090
0.028208 0.966833
0.142103 0.470052
0.842374 0.466736
0.050879 0.031072
0.582019 0.615097
0.323411 0.845039
0.932185 0.081952
0.675461 0.286120
0.701544 0.358283
0.354457 0.063589
0.311357 0.525885
0.018664 0.900477
0.582504 0.373491
0.401987 0.916772
0.155325 0.960753
0.509794 0.186443
0.143623 0.224835
0.373379 0.071341
0.172026 0.248786
0.454163 0.100079
0.775027 0.366530
0.633447 0.356273
0.246325 0.366228
0.349530 0.568070
0.418750 0.671913
0.851192 0.349674
0.527870 0.532735
0.725072 0.335637
0.266476 0.929809
0.824148 0.269934
0.372526 0.122564
0.475528 0.464423
0.609692 0.499662
0.377992 0.425055
0.797533 0.673981
0.913178 0.859237
0.627403 0.566805
0.689059 0.724053
0.360562 0.563268
0.010315 0.452582
0.146560 0.689312
0.627433 0.004333
0.622810 0.159754
0.554863 0.925865
0.660367 0.577813
0.968255 0.178954
0.606300 0.528271
0.191798 0.096187
0.139610 0.299687
0.568917 0.457683
0.905539 0.995437
0.573026 0.347640
0.422181 0.349043
0.859798 0.145749
0.363688 0.146181
0.088381 0.735994
0.215938 0.273883
0.246185 0.774200
0.473405 0.066906
0.900395 0.645698
0.000065 0.801869
0.269047 0.565769
0.912512 0.901702
0.255491 0.128090
0.360089 0.656088
0.622320 0.490157
0.874648 0.038019
0.294266 0.299732
0.541705 0.502228
0.374350 0.412640
0.105058 0.488196
0.833509 0.429764
0.258571 0.718569
0.991156 0.089907
0.801677 0.283265
0.842626 0.595196
0.039223 0.930191
0.009166 0.017024
0.791674 0.945418
0.587106 0.033033
0.648272 0.498815
0.455090 0.379455
0.643590 0.355569
0.661704 0.568153
0.367042 0.409674
0.360574 0.614012
0.625252 0.582389
0.385988 0.745825
0.168787 0.246827
0.969303 0.332677
0.667602 0.489248
0.284908 0.547793
0.073672 0.198315
0.484200 0.613172
0.744603 0.185442
0.627043 0.820818
0.218648 0.282575
0.452384 0.910200
0.329379 0.638134
0.243183 0.796594
0.427391 0.237506
0.135543 0.091259
0.836744 0.011409
0.097901 0.331935
0.315463 0.763605
0.463366 0.350935
0.212276 0.548839
0.336770 0.748150
0.215838 0.062575
0.417715 0.007576
0.078091 0.065980
0.781892 0.398497
0.459963 0.862804
0.945163 0.436266
0.095482 0.369191
0.098370 0.342647
0.799506 0.373135
0.745580 0.641990
0.454560 0.167203
0.104417 0.757029
0.003945 0.856321
0.534411 0.226902
0.651077 0.291815
0.947716 0.960003
0.919152 0.763579
0.626302 0.755610
0.960568 0.294152
0.120722 0.180726
0.522138 0.621645
0.937729 0.772374
0.269983 0.732874
0.537548 0.450656
0.757102 0.113737
0.756301 0.974121
0.176948 0.720745
0.145079 0.246571
0.187957 0.045837
0.874367 0.293200
0.516833 0.545972
0.791003 0.764018
0.752469 0.139688
0.934611 0.893765
0.727764 0.434719
0.321373 0.950113
0.153181 0.843923
0.085272 0.335698
0.713743 0.771201
0.130400 0.674573
0.670274 0.604727
0.292650 0.409988
0.116037 0.341763
0.635094 0.667902
0.431520 0.287438
0.908562 0.399455
0.152984 0.419355
0.397439 0.105642
0.424477 0.690491
0.340392 0.768742
0.438374 0.754805
0.866739 0.967575
0.786101 0.343126
0.921399 0.537463
0.438569 0.791297
0.964804 0.550802
0.154909 0.028237
0.328943 0.840438
0.478504 0.668461
0.986618 0.765600
0.120859 0.721804
0.148270 0.428895
0.456742 0.832481
0.539169 0.092954
0.058114 0.890281
0.429532 0.116562
0.679722 0.318629
0.491064 0.332683
0.875824 0.337374
0.335680 0.424551
0.475374 0.022628
0.155618 0.521058
0.472099 0.041591
0.228900 0.928940
0.496238 0.527251
0.180052 0.646822
0.926326 0.675993
0.793243 0.064954
0.872263 0.300566
0.863463 0.044516
0.714983 0.751534
0.041098 0.391664
0.623428 0.332227
0.876225 0.594020
0.486103 0.575403
0.301185 0.571099
0.992345 0.524220
0.603472 0.105214
0.177559 0.465783
0.535692 0.565677
0.607002 0.402478
0.585324 0.516660
0.514308 0.914413
0.584251 0.807870
0.633805 0.965756
0.776505 0.787224
0.169762 0.638381
0.182373 0.346005
0.331066 0.738181
0.598024 0.609528
0.126436 0.712539
0.852021 0.220100
0.663103 0.341890
0.003554 0.324154
0.021037 0.223954
0.011974 0.571656
0.885100 0.156144
0.033182 0.663495
0.509142 0.139800
0.905626 0.241294
0.258895 0.879345
0.577186 0.204162
0.934622 0.330090
0.193895 0.858165
0.309834 0.060346
0.322479 0.656860
0.838978 0.936671
0.310877 0.675009
0.284870 0.915470
0.104400 0.372624
0.095730 0.529867
0.929927 0.652804
0.722039 0.997636
0.136484 0.694342
0.705029 0.744192
0.137796 0.548885
0.291490 0.534010
0.840886 0.032454
0.533641 0.334539
0.164496 0.012445
0.318214 0.498576
0.252109 0.793735
0.535457 0.844233
0.766555 0.941339
0.646632 0.736037
0.216686 0.542085
0.237698 0.326383
0.611297 0.604074
0.757192 0.703455
0.861483 0.020210
0.527951 0.809912
0.259823 0.280911
0.295145 0.646034
0.053270 0.911109
0.027213 0.451693
0.596345 0.427971
0.421639 0.273449
0.822224 0.468285
0.584085 0.566178
0.801515 0.618266
0.647303 0.253136
0.972012 0.393564
0.675277 0.973941
0.217431 0.763541
0.058467 0.086939
0.349120 0.591444
0.747581 0.360538
0.701950 0.370856
0.096174 0.187530
0.494074 0.678883
0.786471 0.587083
0.319981 0.837797
0.298153 0.220994
0.647217 0.379411
0.646476 0.143954
0.469413 0.040232
0.663889 0.032007
0.331696 0.180502
0.928494 0.189032
0.789322 0.716509
0.552964 0.717993
0.986312 0.883086
0.439199 0.861882
0.448130 0.402018
0.276817 0.668673
0.370894 0.922120
0.517690 0.815279
0.659357 0.918002
0.794082 0.637421
0.716851 0.587131
0.764554 0.155481
0.522637 0.668541
0.169653 0.160815
0.845559 0.521613
0.958482 0.232675
0.537642 0.249610
0.707645 0.892810
0.727238 0.130218
0.195607 0.972968
0.388571 0.124111
0.918401 0.669923
0.202974 0.772612
0.536712 0.693368
0.846875 0.366794
0.729690 0.373843
0.842546 0.872931
0.697476 0.591130
0.889851 0.732967
0.602277 0.907872
0.160718 0.323729
0.566892 0.348894
0.382784 0.554905
0.459997 0.853606
0.664634 0.813321
0.589040 0.547004
0.922276 0.219867
0.594504 0.624253
0.454997 0.955445
0.293353 0.824431
0.688429 0.233613
0.954848 0.181005
0.353672 0.350123
0.508537 0.979696
0.403529 0.123349
0.482028 0.628867
0.780369 0.954653
0.045308 0.453198
0.744901 0.683987
0.398691 0.258337
0.851075 0.393622
0.883084 0.882367
0.809578 0.321636
0.614124 0.849372
0.420876 0.086854
0.145817 0.671022
0.478441 0.498231
0.654699 0.304011
0.043836 0.324187
0.402091 0.764374
0.777497 0.531201
0.779922 0.924089
0.072584 0.666013
0.074661 0.071052
0.583946 0.252081
0.194253 0.900434
0.370271 0.298447
0.994588 0.223569
0.274682 0.277990
0.514835 0.829958
0.357536 0.222071
0.385116 0.618638
0.164902 0.899853
0.905316 0.327048
0.367170 0.403132
0.810458 0.928742
0.834474 0.841303
0.535888 0.045659
0.529095 0.266112
0.874643 0.526357
0.689708 0.392149
0.279724 0.678524
0.658351 0.156571
0.705576 0.512241
0.358201 0.670324
0.805960 0.749880
0.868712 0.653182
0.509477 0.289202
0.764411 0.016220
0.479374 0.268115
0.884622 0.857841
0.730848 0.872730
0.983606 0.773313
0.726929 0.554751
0.274083 0.042778
0.603123 0.379925
0.221852 0.958986
0.781326 0.816160
0.075154 0.283573
0.125166 0.388109
0.519699 0.579455
0.961727 0.274425
0.538730 0.956973
0.748761 0.104536
0.027211 0.592709
0.901807 0.923749
0.960247 0.232423
0.312263 0.538599
0.948007 0.773361
0.385292 0.228821
0.822969 0.936218
0.005556 0.117958
0.499962 0.983326
0.699124 0.331543
0.725519 0.417184
0.401479 0.439967
0.490229 0.602228
0.664438 0.582524
0.816302 0.292784
0.838875 0.099839
0.352234 0.121436
0.755478 0.463750
0.707489 0.204569
0.692423 0.786921
0.742302 0.155654
0.966625 0.218835
0.091202 0.961870
0.314404 0.090521
0.043575 0.375944
0.337692 0.757256
0.530572 0.702641
0.683556 0.706656
0.374869 0.118112
0.297633 0.648983
0.148312 0.950361
0.046185 0.987163
0.952132 0.670358
0.236838 0.275912
0.185477 0.695900
0.084670 0.022552
0.900159 0.494077
0.968149 0.456493
0.653048 0.883250
0.398543 0.700022
0.862223 0.881752
0.986775 0.109982
0.549016 0.928036
0.333274 0.428039
0.005265 0.805809
0.689252 0.776704
0.363606 0.147707
0.441933 0.468890
0.268325 0.962371
0.961593 0.060742
0.845311 0.232320
0.114889 0.070608
0.951836 0.263795
0.796813 0.311455
0.250380 0.134810
0.162683 0.839687
0.995469 0.283907
0.851957 0.110237
0.548420 0.009671
0.387252 0.045982
0.542168 0.409847
0.104797 0.378914
0.306781 0.078933
0.426650 0.801209
0.636033 0.704417
0.020367 0.176195
0.226354 0.554365
0.408419 0.302444
0.151711 0.732853
0.887468 0.498573
0.551466 0.994785
0.196778 0.582035
0.302950 0.857910
0.235319 0.652094
0.826510 0.727407
0.268776 0.455323
0.327972 0.757188
0.490504 0.011392
0.721973 0.212111
0.504567 0.607589
0.199318 0.166581
0.284368 0.232393
0.902514 0.477558
0.426966 0.011629
0.455830 0.103779
0.071022 0.235109
0.159759 0.008045
0.675442 0.117358
0.504415 0.075707
0.966109 0.522910
0.282454 0.710016
0.749705 0.504855
0.989257 0.023827
0.966498 0.654695
0.386648 0.837124
0.308034 0.942263
0.076124 0.011194
0.961049 0.936360
0.678541 0.002759
0.555521 0.039924
0.749441 0.905185
0.192609 0.647971
0.872684 0.658949
0.507363 0.942194
0.469762 0.559789
0.081402 0.373051
0.738155 0.670534
0.162387 0.748301
0.789323 0.251393
0.569964 0.246383
0.495390 0.863517
0.871931 0.603695
0.773314 0.371936
0.399774 0.186738
0.036313 0.676516
0.439270 0.653257
0.324532 0.633369
0.979753 0.430931
0.190431 0.294194
0.734717 0.297807
0.759077 0.287299
0.756767 0.935622
0.509536 0.891609
0.861576 0.445290
0.230734 0.113753
0.248304 0.463250
0.293689 0.868354
0.158082 0.698066
0.851709 0.182936
0.147481 0.418523
0.831124 0.201417
0.570510 0.667700
0.607376 0.643916
0.160532 0.751858
0.074739 0.295668
0.182580 0.858660
0.412678 0.044129
0.486928 0.496190
0.227834 0.960858
0.936341 0.812330
0.907853 0.933612
0.102309 0.753546
0.961734 0.394060
0.829671 0.452743
0.841129 0.757873
0.254348 0.197786
0.237973 0.296444
0.125564 0.825446
0.136063 0.293300
0.831737 0.409939
0.957691 0.503302
0.358346 0.670896
0.991148 0.129020
0.516432 0.612513
0.910886 0.756214
0.171985 0.523792
0.609383 0.949113
0.879319 0.619204
0.748195 0.496281
0.275654 0.279760
0.405432 0.619079
0.829455 0.066404
0.947857 0.807320
0.051693 0.420786
0.788043 0.330486
0.077045 0.242913
0.000497 0.887918
0.601137 0.340809
0.865376 0.307671
0.520308 0.084265
0.284416 0.681277
0.261956 0.462882
0.670907 0.830441
0.716384 0.148070
0.354021 0.541734
0.885173 0.089293
0.757550 0.576642
0.846447 0.636780
0.614053 0.066863
0.404010 0.176083
0.257665 0.538529
0.835176 0.784288
0.602286 0.474086
0.481221 0.473326
0.756598 0.016832
0.534736 0.172763
0.353331 0.150673
0.269763 0.722615
0.577425 0.446424
0.133435 0.796126
0.566221 0.256052
0.571974 0.853138
